Problem        - CUTEr library name
Dim            - problem dimension
Iter           - Number of iterations
Nfunc          - Number of function evaluations
Ngrad          - Number of gradient evaluations
Status         - 0 = error tolerance achieved
Gradient Norm  - Final gradient (sup-norm)
Function Value - Final function value at termination
Seconds        - Solution time in seconds

Stopping condition: ||g_k||_{\infty} <= 1.e-6

Computer: Dell Precision T7610 with 192 GB memory and dual Intel Xeon
Processor (3.4 GHz) E5-2687W v2 (32 cores, 25.6 MB cache)
Only one core used. Output from CUTEst.

===========================================================================================
   Problem   Dim     Iter   Nfunc   Ngrad  Status  Gradient Norm   Function Value   Seconds
===========================================================================================
     AKIVA      2      10      21      11     0    4.8467115e-09    6.1660422e+00     0.001
  ALLINITU      4      12      29      18     0    3.3843279e-08    5.7443849e+00    -0.000
   ARGLINA    200       1       3       2     0    1.2409421e-11    2.0000000e+02     0.001
   ARGLINB    200       5      13      13     0    8.3382474e-09    9.9625468e+01     0.006
   ARWHEAD   5000       7      15       8     0    9.9119257e-07    0.0000000e+00     0.011
      BARD      3      16      33      17     0    3.6732482e-09    8.2148773e-03     0.001
   BDQRTIC   5000     136     273     237     0    9.8410349e-07    2.0006257e+04     0.173
     BEALE      2      15      31      16     0    4.4990513e-08    2.7265015e-15     0.001
    BIGGS6      6      27      57      31     0    2.5135427e-08    5.6556498e-03    -0.000
      BOX3      3      11      24      13     0    7.5843940e-07    3.8194584e-13    -0.000
       BOX  10000       8      25      19     0    1.6687486e-07   -1.8645379e+03     0.029
    BRKMCC      2       5      11       6     0    6.2201466e-08    1.6904268e-01     0.001
   BROWNAL    200       9      25      18     0    4.5402618e-08    2.7044568e-18     0.004
   BROWNBS      2      13      26      15     0    0.0000000e+00    0.0000000e+00    -0.000
  BROWNDEN      4      16      31      19     0    1.2820965e-07    8.5822201e+04     0.001
  BROYDN7D   5000    1402    2793    1419     0    7.6676457e-07    2.0063097e+03     3.203
    BRYBND   5000      85     174      90     0    4.9700637e-07    2.5588898e-14     0.091
  CHAINWOO   4000     318     619     373     0    8.5248623e-07    4.5727672e+00     0.231
  CHNROSNB     50     287     564     299     0    5.4138738e-07    6.8181125e-14     0.006
     CLIFF      2      18      70      54     0    2.3160400e-09    1.9978661e-01     0.001
    COSINE  10000      11      39      32     0    2.0742717e-07   -9.9990000e+03     0.055
  CRAGGLVY   5000     103     196     148     0    9.5460763e-07    1.6882153e+03     0.168
      CUBE      2      32      77      47     0    1.2247485e-09    1.2694367e-21     0.001
   CURLY10  10000   47808   67294   76156     0    9.9461503e-07   -1.0031629e+06    47.653
   CURLY20  10000   66587   89245  110540     0    9.8241206e-07   -1.0031629e+06   104.161
   CURLY30  10000   79030  102516  134682     0    8.9366554e-07   -1.0031629e+06   168.679
   DECONVU     63     400     801     401     0    8.4996434e-07    4.4591110e-08     0.015
  DENSCHNA      2       9      19      10     0    3.5273288e-08    3.1668570e-16     0.001
  DENSCHNB      2       7      15       8     0    1.0342574e-08    3.6407409e-17    -0.000
  DENSCHNC      2      12      26      14     0    3.2760932e-09    3.2531870e-19    -0.000
  DENSCHND      3      47      98      51     0    8.4825128e-07    4.3313480e-10     0.001
  DENSCHNE      3      18      49      32     0    2.8640729e-08    2.5039105e-16     0.000
  DENSCHNF      2       8      17       9     0    6.4551438e-07    2.1261989e-15     0.000
  DIXMAANA   3000       7      15       8     0    4.8314864e-12    1.0000000e+00     0.002
  DIXMAANB   3000       6      13       7     0    8.9774746e-08    1.0000000e+00     0.002
  DIXMAANC   3000       6      13       7     0    7.0332716e-07    1.0000000e+00     0.002
  DIXMAAND   3000       7      15       8     0    7.3560463e-07    1.0000000e+00     0.002
  DIXMAANE   3000     222     239     429     0    9.8403702e-07    1.0000000e+00     0.089
  DIXMAANF   3000     161     323     162     0    8.8563510e-07    1.0000000e+00     0.043
  DIXMAANG   3000     157     315     158     0    9.4422321e-07    1.0000000e+00     0.042
  DIXMAANH   3000     173     347     174     0    9.9204216e-07    1.0000000e+00     0.046
  DIXMAANI   3000    3856    3926    7644     0    9.6819862e-07    1.0000001e+00     1.480
  DIXMAANJ   3000     327     655     328     0    9.8659485e-07    1.0000002e+00     0.085
  DIXMAANK   3000     283     567     284     0    9.4629154e-07    1.0000002e+00     0.074
  DIXMAANL   3000     237     475     238     0    9.6713433e-07    1.0000002e+00     0.063
  DIXON3DQ  10000   10000   10007   19995     0    6.6642083e-08    2.9138868e-13     5.388
      DJTL      2      82     917     880     0    8.8649477e-09   -8.9515447e+03     0.005
   DQDRTIC   5000       5      11       6     0    1.9948462e-08    3.4808874e-17     0.004
    DQRTIC   5000      17      37      21     0    7.0514220e-07    2.7590839e-06     0.006
   EDENSCH   2000      26      52      38     0    7.0124978e-07    1.2003285e+04     0.012
       EG2   1000       5      11       6     0    1.2434973e-08   -9.9894739e+02     0.001
  EIGENALS   2550   10083   18020   12244     0    7.5892789e-07    3.2611783e-10    55.787
  EIGENBLS   2550   15301   30603   15302     0    4.9916647e-07    1.9157914e-06    73.075
  EIGENCLS   2652   10136   19292   11118     0    9.9946244e-07    2.3663516e-11    55.552
   ENGVAL1   5000      27      50      36     0    9.3276402e-07    5.5486684e+03     0.021
   ENGVAL2      3      26      61      37     0    8.2364111e-07    1.0341063e-16     0.001
  ERRINROS     50     380     773     425     0    5.1573979e-07    3.9904154e+01     0.009
    EXPFIT      2      13      29      16     0    4.2082900e-07    2.4051059e-01    -0.000
  EXTROSNB   1000    3808    7759    3982     0    9.0549910e-07    3.0701688e-07     0.364
  FLETCBV2   5000       0       1       1     0    7.9960014e-08   -5.0026817e-01     0.001
  FLETCHCR   1000     152     290     176     0    5.8328726e-07    7.1290748e-15     0.021
  FMINSRF2   5625     346     693     347     0    9.4412103e-07    1.0000241e+00     0.336
  FMINSURF   5625     473     947     474     0    9.7701151e-07    1.0000000e+00     0.476
  FREUROTH   5000      25      51      38     0    3.3332558e-07    6.0815919e+05     0.032
  GENHUMPS   5000    6568   13154    6591     0    1.4989107e-07    1.1302795e-13     9.347
   GENROSE    500    1078    2167    1101     0    7.6377688e-07    1.0000000e+00     0.067
  GROWTHLS      3     143     425     299     0    3.3170286e-07    1.0040406e+00     0.005
      GULF      3      43      97      56     0    9.8332672e-08    1.8414455e-11     0.012
     HAIRY      2      36      99      65     0    7.9609877e-11    2.0000000e+01    -0.000
   HATFLDD      3      20      43      24     0    1.9359505e-07    2.5471486e-07    -0.000
   HATFLDE      3      30      72      45     0    1.0667120e-07    5.1203781e-07     0.000
  HATFLDFL      3      39      92      55     0    6.7581940e-07    6.3130568e-05    -0.000
  HEART6LS      6     684    1576     941     0    5.5625335e-07    2.6458394e-10     0.006
  HEART8LS      8     249     524     278     0    5.4028063e-07    6.3881639e-14    -0.000
     HELIX      3      23      49      27     0    3.1346483e-07    1.6037633e-15    -0.000
    HIELOW      3      14      31      18     0    4.7118434e-09    8.7416543e+02     0.030
  HILBERTA      2       2       5       3     0    2.2204460e-16    5.7521108e-32    -0.000
  HILBERTB     10       4       9       5     0    2.2720367e-09    9.9477224e-19     0.001
  HIMMELBB      2      10      28      21     0    2.3749509e-07    9.2954831e-13     0.001
  HIMMELBF      4      26      60      36     0    3.7592490e-07    3.1857175e+02     0.001
  HIMMELBG      2       8      20      13     0    5.5176444e-07    3.1734764e-14     0.000
  HIMMELBH      2       7      16       9     0    2.8919978e-11   -1.0000000e+00    -0.000
     HUMPS      2      49     149     109     0    3.3864517e-09    7.0410348e-17     0.001
    JENSMP      2      15      33      22     0    5.3023541e-10    1.2436218e+02     0.001
    JIMACK   3549    8309   16619    8310     0    9.5303676e-07    8.6679330e-01   364.141
    KOWOSB      4      17      39      23     0    3.7035874e-07    3.0780095e-04     0.001
   LIARWHD   5000      21      45      25     0    2.2090905e-07    1.2841272e-18     0.015
  LOGHAIRY      2      48     164     125     0    2.9091756e-07    1.8232156e-01    -0.000
   MANCINO    100      11      23      12     0    7.2392005e-08    9.2313203e-21     0.052
  MARATOSB      2    1145    3657    2779     0    3.2161409e-07   -1.0000001e+00     0.007
    MEXHAT      2      20      56      39     0    4.9338312e-09   -4.0010000e-02     0.001
    MOREBV   5000     161     168     317     0    9.9408232e-07    1.0864330e-10     0.129
  MSQRTALS   1024    2905    5815    2911     0    7.8429827e-07    6.9944667e-10     2.921
  MSQRTBLS   1024    2280    4525    2326     0    9.8460715e-07    3.0918954e-10     2.344
    NCB20B   5000    2935    4694    6006     0    9.9827565e-07    7.3513006e+03    16.488
     NCB20   5010     879    1511    1463     0    8.1137654e-07   -1.1183890e+03     4.250
  NONCVXU2   5000    7195   13514    8073     0    9.7967475e-07    1.1584575e+04     7.824
    NONDIA   5000       7      25      20     0    8.8854080e-10    3.9554748e-25     0.010
  NONDQUAR   5000    1942    3888    1947     0    9.8510436e-07    4.6772702e-06     0.597
  OSBORNEA      5      96     211     119     0    2.3181973e-08    5.4648961e-05     0.003
  OSBORNEB     11      62     127      65     0    4.4268078e-07    4.0137736e-02     0.007
  OSCIPATH     10  310990  670953  367325     0    9.2424569e-07    2.2492725e-05     0.745
  PALMER1C      8      11      26      26     0    1.2541932e-09    9.7605048e-02     0.001
  PALMER1D      7      11      25      25     0    5.8185904e-08    6.5267398e-01    -0.000
  PALMER2C      8      11      21      21     0    1.2572807e-08    1.4368886e-02    -0.000
  PALMER3C      8      11      20      20     0    1.7537238e-10    1.9537639e-02    -0.000
  PALMER4C      8      11      20      20     0    3.9277839e-09    5.0310687e-02    -0.000
  PALMER5C      6       6      13       7     0    3.7494174e-12    2.1280866e+00     0.001
  PALMER6C      8      11      24      24     0    5.5195852e-09    1.6387438e-02     0.001
  PALMER7C      8      11      20      20     0    7.1320641e-09    6.0198720e-01     0.001
  PALMER8C      8      11      18      17     0    2.3762348e-09    1.5976783e-01     0.001
    PARKCH     15     700    1434    1158     0    7.2196810e-07    1.6237433e+03    13.804
  PENALTY1   1000      28      69      44     0    4.1081943e-07    9.6861757e-03     0.002
  PENALTY2    200     191     221     354     0    9.3555157e-07    4.7116277e+13     0.034
  PENALTY3    200      99     285     219     0    3.0475494e-07    1.0011921e-03     0.608
  POWELLSG   5000      26      53      27     0    1.2018674e-07    8.6624760e-12     0.006
     POWER  10000     372     754     384     0    9.8725046e-07    1.8984300e-09     0.130
    QUARTC   5000      17      37      21     0    7.0514220e-07    2.7590839e-06     0.005
   ROSENBR      2      34      77      44     0    7.1673465e-08    4.6907185e-18    -0.000
      S308      2       8      19      12     0    9.4535388e-07    7.7319906e-01    -0.000
  SCHMVETT   5000      43      73      60     0    6.4347042e-07   -1.4994000e+04     0.102
   SENSORS    100      21      50      34     0    3.7814132e-08   -2.1017812e+03     0.145
   SINEVAL      2      60     143      87     0    1.8167757e-11    1.5558489e-23    -0.000
   SINQUAD   5000      14      40      33     0    5.1525149e-09   -6.7570138e+06     0.035
    SISSER      2       6      18      14     0    2.2204721e-08    6.8302615e-12    -0.000
     SNAIL      2      97     228     134     0    9.9272759e-09    4.6852879e-17     0.000
  SPARSINE   5000   26226   26515   52167     0    9.9320570e-07    1.4945658e-10    49.276
  SPARSQUR  10000      28      61      35     0    1.1572768e-07    9.7199564e-10     0.074
  SPMSRTLS   4999     203     412     210     0    9.8631945e-07    2.9572137e-11     0.186
  SROSENBR   5000      11      23      12     0    4.8301407e-10    4.2376699e-19     0.004
   STRATEC     10     176     364     201     0    3.1011865e-07    2.2122623e+03     2.267
  TESTQUAD   5000    1577    1584    3149     0    8.8133734e-07    1.3242392e-13     0.361
  TOINTGOR     50     135     233     174     0    9.9309743e-07    1.3739055e+03     0.006
  TOINTGSS   5000       4       9       5     0    2.2872519e-07    1.0002001e+01     0.003
  TOINTPSP     50     143     279     182     0    6.8772217e-07    2.2556041e+02     0.002
  TOINTQOR     50      29      36      53     0    4.4669439e-07    1.1754722e+03     0.001
  TQUARTIC   5000      14      40      27     0    4.4292126e-11    2.7558313e-26     0.012
    TRIDIA   5000     782     789    1559     0    9.3021204e-07    4.1500406e-15     0.263
    VARDIM    200      10      21      11     0    2.5822838e-07    4.1676169e-19    -0.000
  VAREIGVL     50      23      47      24     0    8.4765966e-07    3.7975332e-13     0.001
  VIBRBEAM      8     189     427     324     0    9.2964910e-08    1.7488668e+00     0.020
    WATSON     12      49     102      54     0    8.0264496e-07    1.5919687e-07     0.001
     WOODS   4000      22      51      30     0    3.1404205e-08    1.5553877e-15     0.009
     YFITU      3      75     177     106     0    3.9096909e-07    8.0744184e-10     0.002
  ZANGWIL2      2       1       3       2     0    3.7895613e-15   -1.8200000e+01    -0.000
